image: multi_lab_7_0.025_res.pgm
resolution: 0.025000
origin: [-73.300000, -71.800000, 0.000000]
negate: 0
occupied_thresh: 0.65
free_thresh: 0.196

